      0   0   29  21
     33   0   33  21
     69   0   34  21
    107   0   33  21
    148   0   29  21
    184   0   31  21
    220   0   34  21
    261   0   31  21

      0   30   29  21
     34   30   31  21
     70   30   32  21
    108   30   31  21
    150   30   28  21
    185   30   31  21
    221   30   33  21
    261   30   31  21

      0   58   36  23
     40   58   37  23
     81   58   40  23
    127   58   38  23
    172   58   36  23
    213   58   39  23
    255   58   41  23
    301   58   39  23

      0   90   21  23
     34   90   26  23
     70   90   29  23
    108   90   26  23
    150   90   21  23
    185   90   26  23
    221   90   31  23
    262   90   26  23
  
     0   118   24  22
    31   118   29  20
    68   118   34  25